10,21
10,89
10,137
10,177
10,91
10,127
10,119
11,2
11,3
9,5
9,2
8,18
8,7
8,17
8,9
8,2
8,3
51,4
51,3
51,2
51,1
51,0
50,3
50,2
50,1
50,0
49,3
49,2
49,1
49,0
48,5
48,4
48,3
48,2
48,1
48,0
47,4
47,3
47,2
47,1
47,0
45,5
45,4
45,3
45,2
45,1
45,0
42,5
42,4
42,3
42,2
42,1
42,0
40,5
40,4
40,3
40,2
40,1
38,3
38,1
36,3
36,1
31,3
31,1
28,3
28,1
20,3
20,2
20,1
19,3
19,2
19,1
18,3
18,1
16,2
15,3
15,2
15,1
14,3
14,2
14,1
13,3
13,2
13,1
12,3
12,2
12,1
11,29
11,28
11,27
11,26
11,25
11,24
11,23
11,22
11,21
11,20
11,19
11,18
11,17
11,16
11,13
11,11
11,9
11,7
11,1
11,5
