10,107
10,265
10,163
10,233
10,75
10,291
10,173
10,255
11,9
11,15
11,17
11,13
11,19
11,2
11,3
9,5
8,14
8,17
8,11
8,7
8,16
156,4
156,3
156,2
156,1
156,0
51,4
51,3
51,2
51,1
51,0
50,5
50,4
50,3
50,2
50,1
50,0
48,5
48,4
48,3
48,2
48,1
48,0
47,4
47,3
47,2
47,1
47,0
45,5
45,4
45,3
45,2
45,1
45,0
42,5
42,4
42,3
42,2
42,1
42,0
40,5
40,4
40,3
40,2
40,1
38,3
38,1
36,4
36,3
36,1
31,3
31,1
28,3
28,1
20,3
20,2
20,1
19,3
19,2
19,1
18,1
17,3
18,3
17,2
17,1
16,3
16,2
16,1
15,3
15,2
15,1
14,3
14,1
13,3
2,2
13,1
2,1
12,3
12,2
2,3
12,1
11,28
11,27
11,26
11,25
11,23
11,20
11,14
11,12
